Wolf

**Frame mask interleaved CHANGED algorithm**
00000100 00001111 
00000100 00001111 
00000100 00001111 
00000100 00001111 
00001100 00111111 
00001100 00111111 
00001100 00111111 
00001100 00111111 
00011111 01111111 
00011111 01111111 
00011111 01111111 
00011111 01111111 
00011111 11110101 
00011111 11110101 
00011111 11110101 
00011111 11110101 
00101111 11000000 
00101111 11000000 
00101111 11000000 
00101111 11000000 
00110111 10000000 
00110111 10000000 
00110111 10000000 
00110111 10000000 
01111011 10000000 
01111011 10000000 
01111011 10000000 
01111011 10000000 
01111101 10100000 
01111101 10100000 
01111101 10100000 
01111101 10100000 
00111111 11101010 
00111111 11101010 
00111111 11101010 
00111111 11101010 
00011111 11111110 
00011111 11111110 
00011111 11111110 
00011111 11111110 
11111111 10001100 
11111111 10001100 
11111111 10001100 
11111111 10001100 
00011111 00000000 
00011111 00000000 
00011111 00000000 
00011111 00000000 
11111111 00010000 
11111111 00010000 
11111111 00010000 
11111111 00010000 
01001111 11110000 
01001111 11110000 
01001111 11110000 
01001111 11110000 
11110000 00100000 
11110000 00100000 
11110000 00100000 
11110000 00100000 
11000000 00000000 
11000000 00000000 
11000000 00000000 
11000000 00000000 
