Wolf

**Frame mask interleaved algorithm**
00000100 00001111 
00000100 00001111 
00000100 00001111 
00000100 00001111 
00000100 00001111 
00000100 00001111 
00000100 00001111 
00000100 00001111 
00001100 00111111 
00001100 00111111 
00001100 00111111 
00001100 00111111 
00001100 00111111 
00001100 00111111 
00001100 00111111 
00001100 00111111 
00001100 00111111 
00001100 00111111 
00001100 00111111 
00001100 00111111 
00001100 00111111 
00001100 00111111 
00001100 00111111 
00001100 00111111 
00011111 01111111 
00011111 01111111 
00011111 01111111 
00011111 01111111 
00011111 01111111 
00011111 01111111 
00011111 01111111 
00011111 01111111 
00011111 01111111 
00011111 01111111 
00011111 01111111 
00011111 01111111 
00011111 01111111 
00011111 01111111 
00011111 01111111 
00011111 01111111 
00011111 11111111 
00011111 11111111 
00011111 11111111 
00011111 11111111 
00011111 11110101 
00011111 11110101 
00011111 11110101 
00011111 11110101 
00011111 11110101 
00011111 11110101 
00011111 11110101 
00011111 11110101 
00010111 11100000 
00010111 11100000 
00010111 11100000 
00010111 11100000 
00111111 11100000 
00111111 11100000 
00111111 11100000 
00111111 11100000 
00111111 11000000 
00111111 11000000 
00111111 11000000 
00111111 11000000 
